,computer,esp,graph,human,interface,minor,response,survey,system,time,tree,user
computer,1.0,-0.08705443659458786,0.1780535831844438,0.31925856113605233,0.4411072289913836,0.031572905251133265,0.529284444619022,0.590490450505839,0.18105909591473363,0.529284444619022,0.2939151387873896,0.4852985819097056
esp,-0.08705443659458786,1.0,0.07480689778720352,0.5608715277560128,0.4732600827834023,0.017011760685153116,-0.01433113265715895,-0.005809075632844703,0.8674524366507534,-0.014331132657158878,0.10953727397049434,0.42730556915381
graph,0.1780535831844438,0.07480689778720352,1.0,0.45843777189230045,0.11837159869228188,0.8458861538244404,0.028042548746803807,0.4486077216443922,0.11649972794072684,0.028042548746803734,0.6087219428657064,-0.021139796413216925
human,0.31925856113605233,0.5608715277560128,0.45843777189230045,1.0,0.44662813945026686,0.10052389506112165,-0.0874131241047935,-0.02009800077966506,0.5803588953737038,-0.08741312410479346,0.6851562487398853,0.06589298559995262
interface,0.4411072289913836,0.4732600827834023,0.11837159869228188,0.44662813945026686,1.0,0.025491553631067216,-0.02251931572586155,-0.0032590237406502605,0.22195124095819008,-0.022519315725861418,0.17864035933207995,0.44501685587356166
minor,0.031572905251133265,0.017011760685153116,0.8458861538244404,0.10052389506112165,0.025491553631067216,1.0,0.006291655047039062,0.5145669639987942,0.022506150029392005,0.0062916550470390005,0.4323526120060369,-0.004456355043570651
response,0.529284444619022,-0.01433113265715895,0.028042548746803807,-0.0874131241047935,-0.02251931572586155,0.006291655047039062,1.0,0.5051800550538931,0.28161235085803116,1.0,0.041379947043867035,0.8239469719516598
survey,0.590490450505839,-0.005809075632844703,0.4486077216443922,-0.02009800077966506,-0.0032590237406502605,0.5145669639987942,0.5051800550538931,1.0,0.31362624697653363,0.5051800550538933,-0.010485213442115969,0.41367432235772267
system,0.18105909591473363,0.8674524366507534,0.11649972794072684,0.5803588953737038,0.22195124095819008,0.022506150029392005,0.28161235085803116,0.31362624697653363,1.0,0.2816123508580312,0.18542789534377133,0.5121927846887688
time,0.529284444619022,-0.014331132657158878,0.028042548746803734,-0.08741312410479346,-0.022519315725861418,0.0062916550470390005,1.0,0.5051800550538933,0.2816123508580312,1.0,0.0413799470438671,0.8239469719516598
tree,0.2939151387873896,0.10953727397049434,0.6087219428657064,0.6851562487398853,0.17864035933207995,0.4323526120060369,0.041379947043867035,-0.010485213442115969,0.18542789534377133,0.0413799470438671,1.0,-0.03226098009943436
user,0.4852985819097056,0.42730556915381,-0.021139796413216925,0.06589298559995262,0.44501685587356166,-0.004456355043570651,0.8239469719516598,0.41367432235772267,0.5121927846887688,0.8239469719516598,-0.03226098009943436,1.0
