,computer,esp,graph,human,interface,minor,response,survey,system,time,tree,user
computer,1.0,0.8962923650952204,0.35065316991578643,0.8830563028737649,0.9266960778341582,0.36620189542030074,0.9897993063452356,0.8464500660535903,0.9524246974907916,0.9897993063452356,0.3097192847823834,0.999672835900578
esp,0.8962923650952204,1.0,-0.1010183283125917,0.9995794951882859,0.9972494100093419,-0.08443465857320584,0.8239698693957095,0.5225364886695065,0.9888071741230388,0.8239698693957095,-0.14405863005627323,0.9073419312720126
graph,0.35065316991578643,-0.1010183283125917,1.0,-0.12982463383012996,-0.027000699282292515,0.9998612982807943,0.4804989792902985,0.7954696542046812,0.04854823713110761,0.4804989792902985,0.9990596394182377,0.32658475035311985
human,0.8830563028737649,0.9995794951882859,-0.12982463383012996,1.0,0.9946808268455406,-0.11329272230050379,0.8071926448061427,0.4975933268078641,0.9840650320835854,0.8071926448061427,-0.17269270533770845,0.894770192673161
interface,0.9266960778341582,0.9972494100093419,-0.027000699282292515,0.9946808268455406,1.0,-0.010348171199622993,0.8637017374922394,0.5842942501882733,0.9971458473367533,0.8637017374922394,-0.07031658728991201,0.9360053110265425
minor,0.36620189542030074,-0.08443465857320584,0.9998612982807943,-0.11329272230050379,-0.010348171199622993,1.0,0.4950385627087598,0.8054520538883595,0.06517671980890807,0.4950385627087598,0.9981989621453907,0.34228108732566764
response,0.9897993063452356,0.8239698693957095,0.4804989792902985,0.8071926448061427,0.8637017374922394,0.4950385627087598,1.0,0.9136757323318115,0.8992885454237385,1.0,0.44202317718430534,0.9858314508838724
survey,0.8464500660535903,0.5225364886695065,0.7954696542046812,0.4975933268078641,0.5842942501882733,0.8054520538883595,0.9136757323318115,1.0,0.6438975090970812,0.9136757323318114,0.7684475170689595,0.8325538032191069
system,0.9524246974907916,0.9888071741230388,0.04854823713110761,0.9840650320835854,0.9971458473367533,0.06517671980890807,0.8992885454237385,0.6438975090970812,1.0,0.8992885454237385,0.005196623502904115,0.9599085309013071
time,0.9897993063452356,0.8239698693957095,0.4804989792902985,0.8071926448061427,0.8637017374922394,0.4950385627087598,1.0,0.9136757323318114,0.8992885454237385,1.0,0.44202317718430534,0.9858314508838724
tree,0.3097192847823834,-0.14405863005627323,0.9990596394182377,-0.17269270533770845,-0.07031658728991201,0.9981989621453907,0.44202317718430534,0.7684475170689595,0.005196623502904115,0.44202317718430534,1.0,0.2852979162752635
user,0.999672835900578,0.9073419312720126,0.32658475035311985,0.894770192673161,0.9360053110265425,0.34228108732566764,0.9858314508838724,0.8325538032191069,0.9599085309013071,0.9858314508838724,0.2852979162752635,1.0
