,computer,esp,graph,human,interface,minor,response,survey,system,time,tree,user
computer,1.0,-0.10316946443891942,0.2605833673307142,0.42648753357182745,0.42515933028274283,0.1887582338862236,0.6600800353375516,0.5145749159390713,0.1348099675337187,0.6600800353375516,0.2945341224695714,0.5300497845893111
esp,-0.10316946443891942,1.0,0.0693200425007195,0.537817304253473,0.4758369001204036,0.045588934053641804,-0.002410716963877474,-0.027143140226304145,0.8746613848620814,-0.0024107169638772894,0.09590518535655491,0.42639296938408505
graph,0.2605833673307142,0.0693200425007195,1.0,0.292551887737077,0.1330200420427468,0.9411816599293225,-0.01919791598872875,0.5659532880547401,0.13795069895340928,-0.01919791598872878,0.6804583655935483,-0.0219380619246534
human,0.42648753357182745,0.537817304253473,0.292551887737077,1.0,0.46613348071087357,0.13367116357837017,-0.06911745659204577,-0.01638031782710158,0.5921160618254951,-0.06911745659204575,0.5065723232226308,0.047517574634256904
interface,0.42515933028274283,0.4758369001204036,0.1330200420427468,0.46613348071087357,1.0,0.09568734731752306,0.01028107254256436,-0.0655938023763067,0.20723523517776196,0.010281072542564485,0.16346417751160575,0.45017457300579367
minor,0.1887582338862236,0.045588934053641804,0.9411816599293225,0.13367116357837017,0.09568734731752306,1.0,-0.03791098499026517,0.6983784710888945,0.09475243200831454,-0.03791098499026522,0.39286926920582,-0.014386803862669738
response,0.6600800353375516,-0.002410716963877474,-0.01919791598872875,-0.06911745659204577,0.01028107254256436,-0.03791098499026517,1.0,0.5905094382199935,0.3248132563381894,0.9999999999999999,0.022665342002269072,0.829153269116559
survey,0.5145749159390713,-0.027143140226304145,0.5659532880547401,-0.01638031782710158,-0.0655938023763067,0.6983784710888945,0.5905094382199935,1.0,0.2655203310370296,0.5905094382199935,0.019069620515648655,0.4443458452800763
system,0.1348099675337187,0.8746613848620814,0.13795069895340928,0.5921160618254951,0.20723523517776196,0.09475243200831454,0.3248132563381894,0.2655203310370296,1.0,0.3248132563381896,0.16943157905525927,0.519701572461295
time,0.6600800353375516,-0.0024107169638772894,-0.01919791598872878,-0.06911745659204575,0.010281072542564485,-0.03791098499026522,0.9999999999999999,0.5905094382199935,0.3248132563381896,1.0,0.02266534200226913,0.8291532691165587
tree,0.2945341224695714,0.09590518535655491,0.6804583655935483,0.5065723232226308,0.16346417751160575,0.39286926920582,0.022665342002269072,0.019069620515648655,0.16943157905525927,0.02266534200226913,1.0,-0.02854051822465178
user,0.5300497845893111,0.42639296938408505,-0.0219380619246534,0.047517574634256904,0.45017457300579367,-0.014386803862669738,0.829153269116559,0.4443458452800763,0.519701572461295,0.8291532691165587,-0.02854051822465178,1.0
