,computer,esp,graph,human,interface,minor,response,survey,system,time,tree,user
computer,1.0,-0.04941091760515158,0.26170670929090045,0.40577280420686074,0.6400616348720967,0.23790423921068876,0.6458133400303875,0.5452313090259704,0.13156867529982216,0.6458133400303877,0.2302585231535795,0.6131281972206672
esp,-0.04941091760515158,1.0,0.06068393182737402,0.6814841449218804,0.39663087507012423,-0.028185782578441662,0.047558828659428044,-0.059820678656526724,0.93384405064595,0.04755882865942804,0.25161973271743393,0.37395094767766845
graph,0.26170670929090045,0.06068393182737402,1.0,0.3024674551876141,0.13350549009283819,0.9626587696740391,-0.014166373769805103,0.5630753175883132,0.13575497983838714,-0.014166373769805158,0.7704161853091092,-0.03149017892536106
human,0.40577280420686074,0.6814841449218804,0.3024674551876141,1.0,0.7886416549465083,0.2136679696930021,-0.12420159682217638,0.01950644152591453,0.6038427721302224,-0.12420159682217644,0.41665132426423185,0.14249018951078884
interface,0.6400616348720967,0.39663087507012423,0.13350549009283819,0.7886416549465083,1.0,-0.048295474671170624,0.12003573938342832,-0.14590246751534963,0.29008501146098514,0.12003573938342846,0.5181702816200141,0.3649348631935401
minor,0.23790423921068876,-0.028185782578441662,0.9626587696740391,0.2136679696930021,-0.048295474671170624,1.0,0.0017456300652975536,0.6954817775323868,0.10999320891573956,0.001745630065297458,0.5690619755852648,-0.08938729420147809
response,0.6458133400303875,0.047558828659428044,-0.014166373769805103,-0.12420159682217638,0.12003573938342832,0.0017456300652975536,1.0,0.6191048496753834,0.3192405827987958,1.0,-0.053008566783843365,0.9260702703476019
survey,0.5452313090259704,-0.059820678656526724,0.5630753175883132,0.01950644152591453,-0.14590246751534963,0.6954817775323868,0.6191048496753834,1.0,0.27472350192122214,0.6191048496753834,0.06901735227820051,0.43431939966116573
system,0.13156867529982216,0.93384405064595,0.13575497983838714,0.6038427721302224,0.29008501146098514,0.10999320891573956,0.3192405827987958,0.27472350192122214,1.0,0.31924058279879575,0.15269946690566466,0.5595775663114027
time,0.6458133400303877,0.04755882865942804,-0.014166373769805158,-0.12420159682217644,0.12003573938342846,0.001745630065297458,1.0,0.6191048496753834,0.31924058279879575,1.0,-0.053008566783843296,0.9260702703476021
tree,0.2302585231535795,0.25161973271743393,0.7704161853091092,0.41665132426423185,0.5181702816200141,0.5690619755852648,-0.053008566783843365,0.06901735227820051,0.15269946690566466,-0.053008566783843296,1.0,0.10966287018443052
user,0.6131281972206672,0.37395094767766845,-0.03149017892536106,0.14249018951078884,0.3649348631935401,-0.08938729420147809,0.9260702703476019,0.43431939966116573,0.5595775663114027,0.9260702703476021,0.10966287018443052,1.0
